laser plane parameters (ax + by + cx + d = 0):
-2.87307,-3.30638,-100,17.1297
laser point positions in camera frame:
lp: -0.392794,-0.00181131,0.183577
lp: -0.393239,-0.00342668,0.183784
lp: -0.393715,-0.00504568,0.183952
lp: -0.394671,-0.00829496,0.184285
lp: -0.395152,-0.00992537,0.184451
lp: -0.395421,-0.0132068,0.185729
lp: -0.398364,-0.0197874,0.185046
lp: -0.39919,-0.0226005,0.185337
lp: -0.398734,-0.0244685,0.186888
lp: 0.267104,1.93767,0.104754
lp: 0.23084,1.82739,0.110933
lp: 0.218951,1.79121,0.112973
lp: 0.20296,1.74742,0.113277
lp: -0.281735,0.324949,0.170136
lp: -0.284735,0.323597,0.166761
lp: -0.285222,0.321484,0.16716
lp: -0.286737,0.318797,0.166458
lp: -0.287197,0.315893,0.167289
lp: -0.287895,0.312855,0.167865
lp: -0.288724,0.310714,0.167816
lp: -0.289717,0.308369,0.167649
lp: -0.290835,0.305117,0.167766
lp: -0.291676,0.302047,0.168165
lp: -0.292631,0.29971,0.168044
lp: -0.293177,0.296979,0.168672
lp: -0.293715,0.294248,0.169312
lp: -0.294727,0.292003,0.169067
lp: -0.29577,0.2898,0.168761
lp: -0.296773,0.287569,0.168523
lp: -0.297756,0.284547,0.168707
lp: -0.298806,0.282839,0.168142
lp: -0.299436,0.280595,0.168414
lp: -0.309694,0.246575,0.171575
lp: -0.3113,0.243864,0.170762
lp: -0.311845,0.24156,0.17118
lp: -0.312872,0.239559,0.170792
lp: -0.313435,0.237555,0.171034
lp: -0.314478,0.235593,0.170607
lp: -0.315096,0.232903,0.171118
lp: -0.315623,0.23055,0.171583
lp: -0.316662,0.228145,0.171382
lp: -0.316841,0.225555,0.172436
lp: -0.317869,0.224103,0.171774
lp: -0.318474,0.221375,0.172321
lp: -0.32836,0.190732,0.174297
lp: -0.329571,0.188493,0.173781
lp: -0.330682,0.186705,0.173175
lp: -0.331318,0.184748,0.173295
lp: -0.33201,0.181958,0.173755
lp: -0.332664,0.180015,0.173843
lp: -0.333762,0.17823,0.173254
lp: -0.334006,0.175934,0.174072
lp: -0.334618,0.173978,0.174224
lp: -0.33576,0.171473,0.173934
lp: -0.33596,0.169265,0.174769
lp: -0.337069,0.167503,0.174153
lp: -0.337747,0.165602,0.174187
lp: -0.33802,0.163324,0.174959
lp: -0.347976,0.133869,0.176244
lp: -0.348217,0.132541,0.176583
lp: -0.349464,0.130313,0.176014
lp: -0.350692,0.128324,0.17535
lp: -0.350967,0.126296,0.175993
lp: -0.352209,0.124071,0.175429
lp: -0.35244,0.122616,0.175844
lp: -0.352793,0.120249,0.17655
lp: -0.354021,0.118025,0.176005
lp: -0.354434,0.115673,0.176624
lp: -0.355721,0.113472,0.175987
lp: -0.355941,0.112008,0.176421
lp: -0.356329,0.109638,0.177082
lp: -0.357663,0.107463,0.176369
lp: -0.358371,0.106178,0.176055
lp: -0.367572,0.0760748,0.178686
lp: -0.368874,0.0746465,0.177641
lp: -0.36883,0.072164,0.178942
lp: -0.369633,0.0707375,0.178571
lp: -0.370192,0.0679949,0.179188
lp: -0.370899,0.0666551,0.178904
lp: -0.371473,0.0638899,0.179511
lp: -0.372446,0.0616307,0.179327
lp: -0.372839,0.0598464,0.179689
lp: -0.373877,0.0573398,0.179541
lp: -0.374673,0.0559888,0.179141
lp: -0.374789,0.0531732,0.180393
lp: -0.37568,0.0514315,0.18006
lp: -0.376182,0.0489863,0.180606
lp: -0.37975,0.0478979,0.176332
lp: -0.389208,0.0172755,0.178875
lp: -0.387871,0.0141562,0.182239
lp: -0.389361,0.0125618,0.181025
lp: -0.392,0.00937626,0.179055
lp: -0.39246,0.00778867,0.179227
lp: -0.393652,0.00492427,0.17905
lp: -0.392498,0.00300991,0.181565
lp: -0.391887,0.00140839,0.183191
lp: -0.38182,-0.156222,0.187969
lp: -0.379546,-0.157171,0.189526
lp: -0.378393,-0.159193,0.188597
lp: -0.37584,-0.160838,0.189697
lp: -0.374208,-0.162795,0.189389
lp: -0.372199,-0.164531,0.189763
lp: -0.370712,-0.166381,0.189408
lp: -0.369331,-0.168168,0.189002
lp: -0.367736,-0.170113,0.188666
lp: -0.365558,-0.172174,0.188871
lp: -0.364195,-0.17394,0.188467
lp: -0.362333,-0.175504,0.188863
lp: -0.360897,-0.177227,0.188592
lp: -0.359145,-0.178821,0.188827
lp: -0.358089,-0.180872,0.187752
lp: -0.356277,-0.182437,0.18809
lp: -0.354423,-0.183971,0.188512
lp: -0.352564,-0.185495,0.188948
lp: -0.350463,-0.187611,0.189004
lp: -0.348682,-0.18917,0.189313
lp: -0.346895,-0.190729,0.189628
lp: -0.345979,-0.19251,0.188693
lp: -0.343957,-0.19455,0.188742
lp: -0.34333,-0.196323,0.187484
lp: -0.34169,-0.197473,0.188087
lp: -0.320442,-0.217063,0.190663
lp: -0.320348,-0.219344,0.188224
lp: -0.318625,-0.221156,0.188183
lp: -0.31726,-0.22312,0.187561
lp: -0.316116,-0.224738,0.187071
lp: -0.314036,-0.226046,0.188004
lp: -0.312332,-0.22759,0.188241
lp: -0.310454,-0.229315,0.188475
lp: -0.308817,-0.230929,0.188557
lp: -0.307737,-0.232134,0.188454
lp: -0.306016,-0.234054,0.188291
lp: -0.304804,-0.235965,0.187551
lp: -0.303301,-0.237153,0.187954
lp: -0.301632,-0.238723,0.188122
lp: -0.300082,-0.24031,0.188134
lp: -0.298807,-0.242032,0.187679
lp: -0.280753,-0.260345,0.188005
lp: -0.279052,-0.262399,0.187668
lp: -0.27716,-0.262847,0.189345
lp: -0.275799,-0.265542,0.187902
lp: -0.274506,-0.266121,0.188744
lp: -0.273406,-0.267947,0.18797
lp: -0.271005,-0.270346,0.188055
lp: -0.270243,-0.271183,0.187998
lp: -0.26868,-0.27282,0.187968
lp: -0.267115,-0.274455,0.187942
lp: -0.265541,-0.276082,0.187937
lp: -0.263974,-0.277717,0.187914
lp: -0.262418,-0.279364,0.187867
lp: -0.260866,-0.281016,0.187808
lp: -0.259295,-0.282651,0.187789
lp: -0.257735,-0.284298,0.187746
lp: -0.256173,-0.285945,0.187703
lp: -0.238243,-0.303587,0.188638
lp: -0.237598,-0.305728,0.186988
lp: -0.23586,-0.307362,0.187164
lp: -0.234226,-0.308464,0.187813
lp: -0.232707,-0.310188,0.187637
lp: -0.230566,-0.311555,0.188574
lp: -0.229262,-0.313228,0.188207
lp: -0.2278,-0.314987,0.187925
lp: -0.226297,-0.316751,0.187685
lp: -0.224747,-0.317897,0.188189
lp: -0.222945,-0.320341,0.187533
lp: -0.221442,-0.322119,0.187277
lp: -0.219918,-0.323313,0.187698
lp: -0.218116,-0.324523,0.188421
lp: -0.215876,-0.325327,0.190101
lp: -0.213711,-0.325913,0.191939
lp: -0.212557,-0.328278,0.190625
lp: -0.197351,-0.348462,0.185584
lp: -0.195118,-0.348546,0.18806
lp: -0.192605,-0.349582,0.189795
lp: -0.191614,-0.351249,0.189075
lp: -0.190107,-0.353156,0.18868
lp: -0.188121,-0.355901,0.1879
lp: -0.186311,-0.357336,0.188379
lp: -0.184587,-0.358713,0.188827
lp: -0.183079,-0.360667,0.18838
lp: -0.181097,-0.363442,0.187562
lp: -0.179859,-0.364038,0.188321
lp: -0.177338,-0.365813,0.189241
lp: -0.175977,-0.366451,0.190095
lp: -0.172786,-0.366389,0.193837
lp: -0.15063,-0.394983,0.187402
lp: -0.148116,-0.393882,0.191526
lp: -0.146139,-0.397514,0.189745
lp: -0.144513,-0.39907,0.189877
lp: -0.143049,-0.40108,0.189318
lp: -0.140782,-0.403096,0.189676
lp: -0.139065,-0.404664,0.1899
lp: -0.137462,-0.406775,0.189388
lp: -0.134342,-0.407932,0.191688
lp: -0.132333,-0.409017,0.192788
lp: -0.129933,-0.411323,0.192975
lp: -0.128718,-0.414815,0.190473
lp: -0.127241,-0.417406,0.189279
lp: -0.124449,-0.419538,0.190111
lp: -0.122373,-0.419908,0.192088
lp: -0.119843,-0.419891,0.195019
lp: 0.451968,0.123094,0.152946
lp: 0.450707,0.125176,0.151962
lp: 0.449376,0.127445,0.150806
lp: 0.444721,0.132025,0.152291
lp: 0.443562,0.133961,0.15135
lp: 0.440689,0.136392,0.152919
lp: 0.438893,0.138435,0.153036
lp: 0.435837,0.140587,0.155422
lp: 0.434101,0.142812,0.155125
lp: 0.432284,0.145097,0.154884
lp: 0.430167,0.147201,0.155526
lp: 0.428705,0.14895,0.155479
lp: 0.427974,0.15198,0.151905
lp: 0.42654,0.15372,0.15182
lp: 0.404771,0.176411,0.156671
lp: 0.402849,0.178565,0.15685
lp: 0.402232,0.180646,0.154619
lp: 0.400276,0.182677,0.155069
lp: 0.398674,0.184924,0.154474
lp: 0.396001,0.186645,0.156824
lp: 0.394299,0.189024,0.156206
lp: 0.393915,0.190667,0.154244
lp: 0.391488,0.192713,0.155583
lp: 0.390225,0.195378,0.153643
lp: 0.389707,0.197616,0.150959
lp: 0.367093,0.22015,0.157708
lp: 0.366586,0.222397,0.154986
lp: 0.364876,0.224182,0.155364
lp: 0.363541,0.226187,0.15465
lp: 0.361612,0.228229,0.15503
lp: 0.359944,0.229997,0.155353
lp: 0.35806,0.232157,0.155448
lp: 0.356206,0.233588,0.15669
lp: 0.355366,0.236717,0.153161
lp: 0.35405,0.238617,0.152585
lp: 0.350981,0.239517,0.157056
lp: 0.328837,0.266359,0.155794
lp: 0.327297,0.268033,0.156025
lp: 0.325695,0.269887,0.156079
lp: 0.324421,0.272041,0.155001
lp: 0.322481,0.27355,0.156279
lp: 0.320536,0.275146,0.157422
lp: 0.319616,0.277722,0.154963
lp: 0.317963,0.279799,0.154747
lp: 0.316158,0.282349,0.154049
lp: 0.314066,0.282975,0.157075
lp: 0.312061,0.284567,0.158344
lp: 0.290143,0.311257,0.156893
lp: 0.288915,0.313503,0.155574
lp: 0.28704,0.315963,0.155159
lp: 0.2857,0.318138,0.154176
lp: 0.284215,0.319913,0.154131
lp: 0.28238,0.321391,0.155258
lp: 0.280429,0.323447,0.155656
lp: 0.27912,0.325133,0.155416
lp: 0.277095,0.327196,0.155946
lp: 0.275473,0.328569,0.15683
lp: 0.273449,0.33066,0.157313
lp: 0.250928,0.358695,0.154815
lp: 0.248897,0.360479,0.155817
lp: 0.247442,0.362406,0.155465
lp: 0.245855,0.364883,0.154464
lp: 0.243758,0.366697,0.155543
lp: 0.242254,0.368592,0.155339
lp: 0.240321,0.370848,0.155372
lp: 0.238442,0.373007,0.155461
lp: 0.236598,0.374643,0.156342
lp: 0.234663,0.376934,0.156322
lp: 0.232989,0.379043,0.156095
lp: 0.23091,0.381391,0.156261
lp: 0.22872,0.383347,0.157286
lp: 0.227723,0.384968,0.15655
lp: 0.225744,0.387366,0.156438
lp: 0.223875,0.389644,0.15631
lp: 0.221842,0.391994,0.156384
lp: 0.219906,0.39254,0.159242
lp: 0.480657,0.140522,0.154511
lp: 0.476078,0.143951,0.155648
lp: 0.47482,0.147214,0.151486
lp: 0.472456,0.148855,0.152321
lp: 0.470221,0.151746,0.150529
lp: 0.468368,0.154188,0.148956
lp: 0.437606,0.178362,0.154395
lp: 0.43646,0.18115,0.150958
lp: 0.433231,0.183022,0.152813
lp: 0.431026,0.184553,0.153591
lp: 0.429319,0.186964,0.151832
lp: 0.427607,0.189473,0.14989
lp: 0.42547,0.191004,0.150553
lp: 0.423427,0.193158,0.149857
lp: 0.420129,0.194948,0.151988
lp: 0.395428,0.215611,0.15394
lp: 0.394183,0.217718,0.151984
lp: 0.392431,0.219673,0.15118
lp: 0.391036,0.221891,0.149263
lp: 0.387362,0.222725,0.153873
lp: 0.385667,0.224534,0.153252
lp: 0.384317,0.226743,0.151276
lp: 0.381904,0.229016,0.150976
lp: 0.379979,0.23052,0.151334
lp: 0.378328,0.232509,0.150292
lp: 0.350884,0.254736,0.153874
lp: 0.349586,0.257116,0.15148
lp: 0.347991,0.259111,0.150332
lp: 0.345345,0.260339,0.152442
lp: 0.343499,0.261807,0.152734
lp: 0.341114,0.263488,0.15353
lp: 0.339698,0.265223,0.152579
lp: 0.337652,0.267094,0.152434
lp: 0.335853,0.268577,0.152618
lp: 0.333971,0.270255,0.152567
lp: 0.333161,0.272782,0.149066
lp: 0.307868,0.293397,0.152113
lp: 0.305608,0.29598,0.150959
lp: 0.303563,0.297142,0.152178
lp: 0.301861,0.298658,0.152135
lp: 0.300158,0.300169,0.152102
lp: 0.298452,0.301676,0.152084
lp: 0.296765,0.303201,0.151997
lp: 0.295058,0.305198,0.151035
lp: 0.292887,0.307324,0.150609
lp: 0.291214,0.308852,0.150494
lp: 0.289915,0.310724,0.149083
lp: 0.28742,0.312063,0.150723
lp: 0.285747,0.31454,0.148776
lp: 0.264805,0.331887,0.150764
lp: 0.263432,0.333572,0.149839
lp: 0.260856,0.33514,0.151174
lp: 0.259542,0.336991,0.149829
lp: 0.257916,0.338573,0.149529
lp: 0.255201,0.340116,0.151148
lp: 0.253388,0.341339,0.151858
lp: 0.251582,0.343002,0.151707
lp: 0.249959,0.345067,0.150471
lp: 0.248335,0.346643,0.150179
lp: 0.246326,0.347977,0.151007
lp: 0.244511,0.349639,0.150874
lp: 0.242377,0.351008,0.151846
lp: 0.240564,0.352262,0.152496
lp: 0.220518,0.370005,0.152203
lp: 0.220038,0.371782,0.149589
lp: 0.217807,0.373608,0.149843
lp: 0.215535,0.375153,0.150709
lp: 0.213359,0.377115,0.150608
lp: 0.212084,0.378208,0.150657
lp: 0.209651,0.379884,0.151542
lp: 0.207598,0.382204,0.150544
lp: 0.205825,0.382997,0.152016
lp: 0.204447,0.385689,0.149154
lp: 0.583107,-0.158095,0.167461
lp: 0.582919,-0.154827,0.165413
lp: 0.582265,-0.151367,0.164061
lp: 0.58002,-0.14652,0.164543
lp: 0.580442,-0.143016,0.161233
lp: 0.578126,-0.139136,0.162549
lp: 0.577302,-0.134799,0.160861
lp: 0.575118,-0.131301,0.162217
lp: 0.573425,-0.127519,0.16249
lp: 0.571811,-0.123898,0.162738
lp: 0.56981,-0.119283,0.162952
lp: 0.568711,-0.115695,0.162303
lp: 0.567187,-0.112008,0.162342
lp: 0.567518,-0.109379,0.159833
lp: 0.553951,-0.0790634,0.162003
lp: 0.554778,-0.076314,0.158519
lp: 0.553473,-0.0730261,0.158456
lp: 0.552796,-0.0699441,0.157421
lp: 0.550083,-0.0662774,0.159601
lp: 0.548883,-0.0633613,0.159622
lp: 0.547099,-0.0588852,0.159551
lp: 0.546978,-0.0555567,0.15734
lp: 0.532605,-0.0234414,0.159641
lp: 0.532368,-0.0196558,0.157305
lp: 0.532347,-0.017539,0.1558
lp: 0.529702,-0.0136729,0.157713
lp: 0.528989,-0.0117382,0.157578
lp: 0.528762,-0.00787587,0.155168
lp: 0.526968,-0.00404746,0.155588
lp: 0.526289,-0.00213918,0.15541
lp: 0.525498,0.00166205,0.154053
lp: 0.511471,0.034603,0.155134
lp: 0.510153,0.0370022,0.155742
lp: 0.509183,0.0401885,0.155155
lp: 0.509016,0.0424276,0.153822
lp: 0.507881,0.0460403,0.153219
lp: 0.507265,0.0480785,0.152835
lp: 0.505092,0.0518923,0.153942
lp: 0.504189,0.0548894,0.153372
lp: 0.503941,0.0575515,0.151874
lp: 0.490827,0.0885987,0.152702
lp: 0.490124,0.0911176,0.152124
lp: 0.489044,0.0934959,0.152322
lp: 0.488331,0.096215,0.151614
lp: 0.487385,0.0998997,0.15062
lp: 0.486841,0.102112,0.14998
lp: 0.486158,0.105055,0.149058
lp: 0.486007,0.107572,0.147493
lp: 0.48425,0.110791,0.148288
lp: 0.483676,0.11353,0.147318
lp: 0.481905,0.115326,0.149178
lp: 0.473244,0.140881,0.146042
lp: 0.471141,0.142483,0.148638
lp: 0.469951,0.145813,0.148338
lp: 0.469029,0.147816,0.148526
lp: 0.468338,0.151153,0.14733
lp: 0.467278,0.153711,0.147361
lp: 0.466249,0.156407,0.147237
lp: 0.46468,0.158863,0.148254
lp: 0.464281,0.16111,0.14733
lp: 0.46263,0.164113,0.148095
lp: 0.461709,0.166343,0.148116
lp: 0.461046,0.169652,0.14689
lp: 0.460027,0.172735,0.146464
lp: 0.459139,0.174949,0.146439
lp: 0.457606,0.177869,0.147054
lp: 0.456727,0.180085,0.14701
lp: 0.456128,0.183394,0.145668
